(kicad_pcb (version 20171130) (host pcbnew 5.1.7)

  (general
    (thickness 1.6)
    (drawings 4)
    (tracks 0)
    (zones 0)
    (modules 35)
    (nets 136)
  )

  (page A4)
  (layers
    (0 F.Cu signal)
    (31 B.Cu signal)
    (32 B.Adhes user)
    (33 F.Adhes user)
    (34 B.Paste user)
    (35 F.Paste user)
    (36 B.SilkS user)
    (37 F.SilkS user)
    (38 B.Mask user)
    (39 F.Mask user)
    (40 Dwgs.User user)
    (41 Cmts.User user)
    (42 Eco1.User user)
    (43 Eco2.User user)
    (44 Edge.Cuts user)
    (45 Margin user)
    (46 B.CrtYd user)
    (47 F.CrtYd user)
    (48 B.Fab user)
    (49 F.Fab user)
  )

  (setup
    (last_trace_width 0.25)
    (trace_clearance 0.2)
    (zone_clearance 0.508)
    (zone_45_only no)
    (trace_min 0.2)
    (via_size 0.8)
    (via_drill 0.4)
    (via_min_size 0.4)
    (via_min_drill 0.3)
    (uvia_size 0.3)
    (uvia_drill 0.1)
    (uvias_allowed no)
    (uvia_min_size 0.2)
    (uvia_min_drill 0.1)
    (edge_width 0.05)
    (segment_width 0.2)
    (pcb_text_width 0.3)
    (pcb_text_size 1.5 1.5)
    (mod_edge_width 0.12)
    (mod_text_size 1 1)
    (mod_text_width 0.15)
    (pad_size 1.524 1.524)
    (pad_drill 0.762)
    (pad_to_mask_clearance 0)
    (aux_axis_origin 0 0)
    (visible_elements FFFFFF7F)
    (pcbplotparams
      (layerselection 0x010fc_ffffffff)
      (usegerberextensions false)
      (usegerberattributes true)
      (usegerberadvancedattributes true)
      (creategerberjobfile true)
      (excludeedgelayer true)
      (linewidth 0.100000)
      (plotframeref false)
      (viasonmask false)
      (mode 1)
      (useauxorigin false)
      (hpglpennumber 1)
      (hpglpenspeed 20)
      (hpglpendiameter 15.000000)
      (psnegative false)
      (psa4output false)
      (plotreference true)
      (plotvalue true)
      (plotinvisibletext false)
      (padsonsilk false)
      (subtractmaskfromsilk false)
      (outputformat 1)
      (mirror false)
      (drillshape 1)
      (scaleselection 1)
      (outputdirectory ""))
  )

  (net 0 "")
  (net 1 GNDD)
  (net 2 "Net-(BT1-Pad1)")
  (net 3 +5VD)
  (net 4 /BUZZ)
  (net 5 /BTN1)
  (net 6 /BTN2)
  (net 7 /BTN3)
  (net 8 /DQ)
  (net 9 /SDA)
  (net 10 /SCL)
  (net 11 "Net-(R7-Pad2)")
  (net 12 "Net-(R8-Pad2)")
  (net 13 "Net-(R9-Pad2)")
  (net 14 "Net-(R10-Pad2)")
  (net 15 "Net-(U1-Pad1)")
  (net 16 /LOAD)
  (net 17 "Net-(U1-Pad7)")
  (net 18 "Net-(U1-Pad8)")
  (net 19 "Net-(U1-Pad11)")
  (net 20 "Net-(U1-Pad12)")
  (net 21 "Net-(U1-Pad13)")
  (net 22 "Net-(U1-Pad14)")
  (net 23 "Net-(U1-Pad19)")
  (net 24 "Net-(U1-Pad22)")
  (net 25 "Net-(U1-Pad23)")
  (net 26 "Net-(U1-Pad24)")
  (net 27 "Net-(U1-Pad25)")
  (net 28 "Net-(U1-Pad26)")
  (net 29 "Net-(U1-Pad29)")
  (net 30 /DIN)
  (net 31 /CLK)
  (net 32 "Net-(U1-Pad32)")
  (net 33 "Net-(U4-Pad1)")
  (net 34 "Net-(U4-Pad2)")
  (net 35 "Net-(U4-Pad7)")
  (net 36 /mxblock1/D0)
  (net 37 /mxblock1/D4)
  (net 38 /mxblock1/D6)
  (net 39 /mxblock1/D2)
  (net 40 /mxblock1/D3)
  (net 41 /mxblock1/D7)
  (net 42 /mxblock1/D5)
  (net 43 /mxblock1/D1)
  (net 44 /mxblock1/S1)
  (net 45 /mxblock1/S6)
  (net 46 /mxblock1/S2)
  (net 47 /mxblock1/S7)
  (net 48 /mxblock1/S3)
  (net 49 /mxblock1/S5)
  (net 50 /mxblock1/S0)
  (net 51 /mxblock1/S4)
  (net 52 /mxblock2/DIN)
  (net 53 /mxblock3/DIN)
  (net 54 /mxblock2/S4)
  (net 55 /mxblock2/S0)
  (net 56 /mxblock2/S5)
  (net 57 /mxblock2/S3)
  (net 58 /mxblock2/S7)
  (net 59 /mxblock2/S2)
  (net 60 /mxblock2/S6)
  (net 61 /mxblock2/S1)
  (net 62 /mxblock2/D1)
  (net 63 /mxblock2/D5)
  (net 64 /mxblock2/D7)
  (net 65 /mxblock2/D3)
  (net 66 /mxblock2/D2)
  (net 67 /mxblock2/D6)
  (net 68 /mxblock2/D4)
  (net 69 /mxblock2/D0)
  (net 70 /mxblock3/D0)
  (net 71 /mxblock3/D4)
  (net 72 /mxblock3/D6)
  (net 73 /mxblock3/D2)
  (net 74 /mxblock3/D3)
  (net 75 /mxblock3/D7)
  (net 76 /mxblock3/D5)
  (net 77 /mxblock3/D1)
  (net 78 /mxblock3/S1)
  (net 79 /mxblock3/S6)
  (net 80 /mxblock3/S2)
  (net 81 /mxblock3/S7)
  (net 82 /mxblock3/S3)
  (net 83 /mxblock3/S5)
  (net 84 /mxblock3/S0)
  (net 85 /mxblock3/S4)
  (net 86 /mxblock4/DIN)
  (net 87 /mxblock4/DOUT)
  (net 88 /mxblock4/S4)
  (net 89 /mxblock4/S0)
  (net 90 /mxblock4/S5)
  (net 91 /mxblock4/S3)
  (net 92 /mxblock4/S7)
  (net 93 /mxblock4/S2)
  (net 94 /mxblock4/S6)
  (net 95 /mxblock4/S1)
  (net 96 /mxblock4/D1)
  (net 97 /mxblock4/D5)
  (net 98 /mxblock4/D7)
  (net 99 /mxblock4/D3)
  (net 100 /mxblock4/D2)
  (net 101 /mxblock4/D6)
  (net 102 /mxblock4/D4)
  (net 103 /mxblock4/D0)
  (net 104 "Net-(U15-Pad23)")
  (net 105 "Net-(U15-Pad20)")
  (net 106 "Net-(U15-Pad17)")
  (net 107 "Net-(U15-Pad14)")
  (net 108 "Net-(U15-Pad11)")
  (net 109 "Net-(U15-Pad8)")
  (net 110 "Net-(U15-Pad5)")
  (net 111 "Net-(U15-Pad2)")
  (net 112 "Net-(U16-Pad2)")
  (net 113 "Net-(U16-Pad5)")
  (net 114 "Net-(U16-Pad8)")
  (net 115 "Net-(U16-Pad11)")
  (net 116 "Net-(U16-Pad14)")
  (net 117 "Net-(U16-Pad17)")
  (net 118 "Net-(U16-Pad20)")
  (net 119 "Net-(U16-Pad23)")
  (net 120 "Net-(U17-Pad2)")
  (net 121 "Net-(U17-Pad5)")
  (net 122 "Net-(U17-Pad8)")
  (net 123 "Net-(U17-Pad11)")
  (net 124 "Net-(U17-Pad14)")
  (net 125 "Net-(U17-Pad17)")
  (net 126 "Net-(U17-Pad20)")
  (net 127 "Net-(U17-Pad23)")
  (net 128 "Net-(U18-Pad23)")
  (net 129 "Net-(U18-Pad20)")
  (net 130 "Net-(U18-Pad17)")
  (net 131 "Net-(U18-Pad14)")
  (net 132 "Net-(U18-Pad11)")
  (net 133 "Net-(U18-Pad8)")
  (net 134 "Net-(U18-Pad5)")
  (net 135 "Net-(U18-Pad2)")

  (net_class Default "This is the default net class."
    (clearance 0.2)
    (trace_width 0.25)
    (via_dia 0.8)
    (via_drill 0.4)
    (uvia_dia 0.3)
    (uvia_drill 0.1)
    (add_net +5VD)
    (add_net /BTN1)
    (add_net /BTN2)
    (add_net /BTN3)
    (add_net /BUZZ)
    (add_net /CLK)
    (add_net /DIN)
    (add_net /DQ)
    (add_net /LOAD)
    (add_net /SCL)
    (add_net /SDA)
    (add_net /mxblock1/D0)
    (add_net /mxblock1/D1)
    (add_net /mxblock1/D2)
    (add_net /mxblock1/D3)
    (add_net /mxblock1/D4)
    (add_net /mxblock1/D5)
    (add_net /mxblock1/D6)
    (add_net /mxblock1/D7)
    (add_net /mxblock1/S0)
    (add_net /mxblock1/S1)
    (add_net /mxblock1/S2)
    (add_net /mxblock1/S3)
    (add_net /mxblock1/S4)
    (add_net /mxblock1/S5)
    (add_net /mxblock1/S6)
    (add_net /mxblock1/S7)
    (add_net /mxblock2/D0)
    (add_net /mxblock2/D1)
    (add_net /mxblock2/D2)
    (add_net /mxblock2/D3)
    (add_net /mxblock2/D4)
    (add_net /mxblock2/D5)
    (add_net /mxblock2/D6)
    (add_net /mxblock2/D7)
    (add_net /mxblock2/DIN)
    (add_net /mxblock2/S0)
    (add_net /mxblock2/S1)
    (add_net /mxblock2/S2)
    (add_net /mxblock2/S3)
    (add_net /mxblock2/S4)
    (add_net /mxblock2/S5)
    (add_net /mxblock2/S6)
    (add_net /mxblock2/S7)
    (add_net /mxblock3/D0)
    (add_net /mxblock3/D1)
    (add_net /mxblock3/D2)
    (add_net /mxblock3/D3)
    (add_net /mxblock3/D4)
    (add_net /mxblock3/D5)
    (add_net /mxblock3/D6)
    (add_net /mxblock3/D7)
    (add_net /mxblock3/DIN)
    (add_net /mxblock3/S0)
    (add_net /mxblock3/S1)
    (add_net /mxblock3/S2)
    (add_net /mxblock3/S3)
    (add_net /mxblock3/S4)
    (add_net /mxblock3/S5)
    (add_net /mxblock3/S6)
    (add_net /mxblock3/S7)
    (add_net /mxblock4/D0)
    (add_net /mxblock4/D1)
    (add_net /mxblock4/D2)
    (add_net /mxblock4/D3)
    (add_net /mxblock4/D4)
    (add_net /mxblock4/D5)
    (add_net /mxblock4/D6)
    (add_net /mxblock4/D7)
    (add_net /mxblock4/DIN)
    (add_net /mxblock4/DOUT)
    (add_net /mxblock4/S0)
    (add_net /mxblock4/S1)
    (add_net /mxblock4/S2)
    (add_net /mxblock4/S3)
    (add_net /mxblock4/S4)
    (add_net /mxblock4/S5)
    (add_net /mxblock4/S6)
    (add_net /mxblock4/S7)
    (add_net GNDD)
    (add_net "Net-(BT1-Pad1)")
    (add_net "Net-(R10-Pad2)")
    (add_net "Net-(R7-Pad2)")
    (add_net "Net-(R8-Pad2)")
    (add_net "Net-(R9-Pad2)")
    (add_net "Net-(U1-Pad1)")
    (add_net "Net-(U1-Pad11)")
    (add_net "Net-(U1-Pad12)")
    (add_net "Net-(U1-Pad13)")
    (add_net "Net-(U1-Pad14)")
    (add_net "Net-(U1-Pad19)")
    (add_net "Net-(U1-Pad22)")
    (add_net "Net-(U1-Pad23)")
    (add_net "Net-(U1-Pad24)")
    (add_net "Net-(U1-Pad25)")
    (add_net "Net-(U1-Pad26)")
    (add_net "Net-(U1-Pad29)")
    (add_net "Net-(U1-Pad32)")
    (add_net "Net-(U1-Pad7)")
    (add_net "Net-(U1-Pad8)")
    (add_net "Net-(U15-Pad11)")
    (add_net "Net-(U15-Pad14)")
    (add_net "Net-(U15-Pad17)")
    (add_net "Net-(U15-Pad2)")
    (add_net "Net-(U15-Pad20)")
    (add_net "Net-(U15-Pad23)")
    (add_net "Net-(U15-Pad5)")
    (add_net "Net-(U15-Pad8)")
    (add_net "Net-(U16-Pad11)")
    (add_net "Net-(U16-Pad14)")
    (add_net "Net-(U16-Pad17)")
    (add_net "Net-(U16-Pad2)")
    (add_net "Net-(U16-Pad20)")
    (add_net "Net-(U16-Pad23)")
    (add_net "Net-(U16-Pad5)")
    (add_net "Net-(U16-Pad8)")
    (add_net "Net-(U17-Pad11)")
    (add_net "Net-(U17-Pad14)")
    (add_net "Net-(U17-Pad17)")
    (add_net "Net-(U17-Pad2)")
    (add_net "Net-(U17-Pad20)")
    (add_net "Net-(U17-Pad23)")
    (add_net "Net-(U17-Pad5)")
    (add_net "Net-(U17-Pad8)")
    (add_net "Net-(U18-Pad11)")
    (add_net "Net-(U18-Pad14)")
    (add_net "Net-(U18-Pad17)")
    (add_net "Net-(U18-Pad2)")
    (add_net "Net-(U18-Pad20)")
    (add_net "Net-(U18-Pad23)")
    (add_net "Net-(U18-Pad5)")
    (add_net "Net-(U18-Pad8)")
    (add_net "Net-(U4-Pad1)")
    (add_net "Net-(U4-Pad2)")
    (add_net "Net-(U4-Pad7)")
  )

  (module Battery:BatteryHolder_Keystone_1060_1x2032 (layer F.Cu) (tedit 5B98EF5E) (tstamp 5FA7D42E)
    (at 75.565 94.66 270)
    (descr http://www.keyelco.com/product-pdf.cfm?p=726)
    (tags "CR2032 BR2032 BatteryHolder Battery")
    (path /5FADCBBD)
    (attr smd)
    (fp_text reference BT1 (at -14.125 -5.3 90) (layer F.SilkS)
      (effects (font (size 1 1) (thickness 0.15)))
    )
    (fp_text value Li_3.3V (at 0 -11.75 90) (layer F.Fab)
      (effects (font (size 1 1) (thickness 0.15)))
    )
    (fp_line (start -12 6) (end -14 6) (layer F.SilkS) (width 0.12))
    (fp_line (start -13 5) (end -13 7) (layer F.SilkS) (width 0.12))
    (fp_line (start 11.5 -8.5) (end 6.5 -8.5) (layer F.CrtYd) (width 0.05))
    (fp_line (start 11.5 4) (end 11.5 8.5) (layer F.CrtYd) (width 0.05))
    (fp_line (start 14.7 4) (end 11.5 4) (layer F.CrtYd) (width 0.05))
    (fp_line (start 14.7 2.3) (end 14.7 4) (layer F.CrtYd) (width 0.05))
    (fp_line (start 16.45 2.3) (end 14.7 2.3) (layer F.CrtYd) (width 0.05))
    (fp_line (start 16.45 -2.3) (end 16.45 2.3) (layer F.CrtYd) (width 0.05))
    (fp_line (start 14.7 -2.3) (end 16.45 -2.3) (layer F.CrtYd) (width 0.05))
    (fp_line (start 14.7 -4) (end 14.7 -2.3) (layer F.CrtYd) (width 0.05))
    (fp_line (start 11.5 -4) (end 14.7 -4) (layer F.CrtYd) (width 0.05))
    (fp_line (start 11.5 -8.5) (end 11.5 -4) (layer F.CrtYd) (width 0.05))
    (fp_line (start -11.5 -8.5) (end -6.5 -8.5) (layer F.CrtYd) (width 0.05))
    (fp_line (start -11.5 -4) (end -11.5 -8.5) (layer F.CrtYd) (width 0.05))
    (fp_line (start -14.7 -4) (end -11.5 -4) (layer F.CrtYd) (width 0.05))
    (fp_line (start -14.7 -2.3) (end -14.7 -4) (layer F.CrtYd) (width 0.05))
    (fp_line (start -14.7 -2.3) (end -16.45 -2.3) (layer F.CrtYd) (width 0.05))
    (fp_line (start -16.45 2.3) (end -16.45 -2.3) (layer F.CrtYd) (width 0.05))
    (fp_line (start -14.7 2.3) (end -16.45 2.3) (layer F.CrtYd) (width 0.05))
    (fp_line (start -14.7 4) (end -14.7 2.3) (layer F.CrtYd) (width 0.05))
    (fp_line (start -14.7 4) (end -11.5 4) (layer F.CrtYd) (width 0.05))
    (fp_line (start -11.5 4) (end -11.5 8.5) (layer F.CrtYd) (width 0.05))
    (fp_line (start -6.5 8.5) (end -11.5 8.5) (layer F.CrtYd) (width 0.05))
    (fp_line (start 11.5 8.5) (end 6.5 8.5) (layer F.CrtYd) (width 0.05))
    (fp_line (start 11.35 -8.35) (end 11.35 -3.85) (layer F.SilkS) (width 0.12))
    (fp_line (start -11.35 -8.35) (end -11.35 -3.85) (layer F.SilkS) (width 0.12))
    (fp_line (start -11.35 -8.35) (end 11.35 -8.35) (layer F.SilkS) (width 0.12))
    (fp_line (start 14.55 -3.85) (end 14.55 -2.3) (layer F.SilkS) (width 0.12))
    (fp_line (start 11.35 -3.85) (end 14.55 -3.85) (layer F.SilkS) (width 0.12))
    (fp_line (start -14.55 -3.85) (end -14.55 -2.3) (layer F.SilkS) (width 0.12))
    (fp_line (start -11.35 -3.85) (end -14.55 -3.85) (layer F.SilkS) (width 0.12))
    (fp_line (start -14.55 3.85) (end -14.55 2.3) (layer F.SilkS) (width 0.12))
    (fp_line (start -11.35 3.85) (end -14.55 3.85) (layer F.SilkS) (width 0.12))
    (fp_line (start -9.55 8.35) (end -11.35 6.55) (layer F.SilkS) (width 0.12))
    (fp_line (start -11.35 6.55) (end -11.35 3.85) (layer F.SilkS) (width 0.12))
    (fp_line (start 11.35 8.35) (end -9.55 8.35) (layer F.SilkS) (width 0.12))
    (fp_line (start 11.35 8.35) (end 11.35 3.85) (layer F.SilkS) (width 0.12))
    (fp_line (start 14.55 3.85) (end 14.55 2.3) (layer F.SilkS) (width 0.12))
    (fp_line (start 11.35 3.85) (end 14.55 3.85) (layer F.SilkS) (width 0.12))
    (fp_line (start -9.4 8) (end -11 6.4) (layer F.Fab) (width 0.1))
    (fp_line (start 14.2 -3.5) (end 11 -3.5) (layer F.Fab) (width 0.1))
    (fp_line (start 14.2 3.5) (end 14.2 -3.5) (layer F.Fab) (width 0.1))
    (fp_line (start 11 3.5) (end 14.2 3.5) (layer F.Fab) (width 0.1))
    (fp_line (start -14.2 -3.5) (end -11 -3.5) (layer F.Fab) (width 0.1))
    (fp_line (start -14.2 3.5) (end -14.2 -3.5) (layer F.Fab) (width 0.1))
    (fp_line (start -11 3.5) (end -14.2 3.5) (layer F.Fab) (width 0.1))
    (fp_line (start -11 6.4) (end -11 3.5) (layer F.Fab) (width 0.1))
    (fp_line (start -11 -8) (end -11 -3.5) (layer F.Fab) (width 0.1))
    (fp_line (start 11 -8) (end 11 -3.5) (layer F.Fab) (width 0.1))
    (fp_line (start 11 8) (end 11 3.5) (layer F.Fab) (width 0.1))
    (fp_line (start 11 -8) (end -11 -8) (layer F.Fab) (width 0.1))
    (fp_line (start 11 8) (end -9.4 8) (layer F.Fab) (width 0.1))
    (fp_circle (center 0 0) (end -10.2 0) (layer Dwgs.User) (width 0.3))
    (fp_arc (start 0 0) (end -6.5 8.5) (angle -74.81070976) (layer F.CrtYd) (width 0.05))
    (fp_arc (start 0 0) (end 6.5 -8.5) (angle -74.81070976) (layer F.CrtYd) (width 0.05))
    (fp_text user %R (at 0 0 90) (layer F.Fab)
      (effects (font (size 1 1) (thickness 0.15)))
    )
    (pad 2 smd rect (at 14.65 0 90) (size 2.6 3.6) (layers F.Cu F.Paste F.Mask)
      (net 1 GNDD))
    (pad 1 smd rect (at -14.65 0 90) (size 2.6 3.6) (layers F.Cu F.Paste F.Mask)
      (net 2 "Net-(BT1-Pad1)"))
    (model ${KISYS3DMOD}/Battery.3dshapes/BatteryHolder_Keystone_1060_1x2032.wrl
      (at (xyz 0 0 0))
      (scale (xyz 1 1 1))
      (rotate (xyz 0 0 0))
    )
  )

  (module Buzzer_Beeper:Buzzer_12x9.5RM7.6 (layer F.Cu) (tedit 5A030281) (tstamp 5FA7D43B)
    (at 120.015 107.315)
    (descr "Generic Buzzer, D12mm height 9.5mm with RM7.6mm")
    (tags buzzer)
    (path /5FB1B63D)
    (fp_text reference BZ1 (at 3.8 -7.2) (layer F.SilkS)
      (effects (font (size 1 1) (thickness 0.15)))
    )
    (fp_text value Buzzer (at 3.8 7.4) (layer F.Fab)
      (effects (font (size 1 1) (thickness 0.15)))
    )
    (fp_circle (center 3.8 0) (end 9.9 0) (layer F.SilkS) (width 0.12))
    (fp_circle (center 3.8 0) (end 4.8 0) (layer F.Fab) (width 0.1))
    (fp_circle (center 3.8 0) (end 9.8 0) (layer F.Fab) (width 0.1))
    (fp_circle (center 3.8 0) (end 10.05 0) (layer F.CrtYd) (width 0.05))
    (fp_text user + (at -0.01 -2.54) (layer F.Fab)
      (effects (font (size 1 1) (thickness 0.15)))
    )
    (fp_text user + (at -0.01 -2.54) (layer F.SilkS)
      (effects (font (size 1 1) (thickness 0.15)))
    )
    (fp_text user %R (at 3.8 -4) (layer F.Fab)
      (effects (font (size 1 1) (thickness 0.15)))
    )
    (pad 1 thru_hole rect (at 0 0) (size 2 2) (drill 1) (layers *.Cu *.Mask)
      (net 3 +5VD))
    (pad 2 thru_hole circle (at 7.6 0) (size 2 2) (drill 1) (layers *.Cu *.Mask)
      (net 4 /BUZZ))
    (model ${KISYS3DMOD}/Buzzer_Beeper.3dshapes/Buzzer_12x9.5RM7.6.wrl
      (at (xyz 0 0 0))
      (scale (xyz 1 1 1))
      (rotate (xyz 0 0 0))
    )
  )

  (module Capacitor_Tantalum_SMD:CP_EIA-6032-28_Kemet-C (layer F.Cu) (tedit 5EBA9318) (tstamp 5FA7D44E)
    (at 181.5325 83.185)
    (descr "Tantalum Capacitor SMD Kemet-C (6032-28 Metric), IPC_7351 nominal, (Body size from: http://www.kemet.com/Lists/ProductCatalog/Attachments/253/KEM_TC101_STD.pdf), generated with kicad-footprint-generator")
    (tags "capacitor tantalum")
    (path /5FA8B9DC)
    (attr smd)
    (fp_text reference C1 (at 0 -2.55) (layer F.SilkS)
      (effects (font (size 1 1) (thickness 0.15)))
    )
    (fp_text value 100.0 (at 0 2.55) (layer F.Fab)
      (effects (font (size 1 1) (thickness 0.15)))
    )
    (fp_line (start 3.75 1.85) (end -3.75 1.85) (layer F.CrtYd) (width 0.05))
    (fp_line (start 3.75 -1.85) (end 3.75 1.85) (layer F.CrtYd) (width 0.05))
    (fp_line (start -3.75 -1.85) (end 3.75 -1.85) (layer F.CrtYd) (width 0.05))
    (fp_line (start -3.75 1.85) (end -3.75 -1.85) (layer F.CrtYd) (width 0.05))
    (fp_line (start -3.76 1.71) (end 3 1.71) (layer F.SilkS) (width 0.12))
    (fp_line (start -3.76 -1.71) (end -3.76 1.71) (layer F.SilkS) (width 0.12))
    (fp_line (start 3 -1.71) (end -3.76 -1.71) (layer F.SilkS) (width 0.12))
    (fp_line (start 3 1.6) (end 3 -1.6) (layer F.Fab) (width 0.1))
    (fp_line (start -3 1.6) (end 3 1.6) (layer F.Fab) (width 0.1))
    (fp_line (start -3 -0.8) (end -3 1.6) (layer F.Fab) (width 0.1))
    (fp_line (start -2.2 -1.6) (end -3 -0.8) (layer F.Fab) (width 0.1))
    (fp_line (start 3 -1.6) (end -2.2 -1.6) (layer F.Fab) (width 0.1))
    (fp_text user %R (at 0 0) (layer F.Fab)
      (effects (font (size 1 1) (thickness 0.15)))
    )
    (pad 1 smd roundrect (at -2.4625 0) (size 2.075 2.35) (layers F.Cu F.Paste F.Mask) (roundrect_rratio 0.120482)
      (net 3 +5VD))
    (pad 2 smd roundrect (at 2.4625 0) (size 2.075 2.35) (layers F.Cu F.Paste F.Mask) (roundrect_rratio 0.120482)
      (net 1 GNDD))
    (model ${KISYS3DMOD}/Capacitor_Tantalum_SMD.3dshapes/CP_EIA-6032-28_Kemet-C.wrl
      (at (xyz 0 0 0))
      (scale (xyz 1 1 1))
      (rotate (xyz 0 0 0))
    )
  )

  (module Capacitor_SMD:C_1206_3216Metric_Pad1.33x1.80mm_HandSolder (layer F.Cu) (tedit 5F68FEEF) (tstamp 5FA7D45F)
    (at 180.34 89.535)
    (descr "Capacitor SMD 1206 (3216 Metric), square (rectangular) end terminal, IPC_7351 nominal with elongated pad for handsoldering. (Body size source: IPC-SM-782 page 76, https://www.pcb-3d.com/wordpress/wp-content/uploads/ipc-sm-782a_amendment_1_and_2.pdf), generated with kicad-footprint-generator")
    (tags "capacitor handsolder")
    (path /5FA8B035)
    (attr smd)
    (fp_text reference C2 (at 0 -1.85) (layer F.SilkS)
      (effects (font (size 1 1) (thickness 0.15)))
    )
    (fp_text value 0.1 (at 0 1.85) (layer F.Fab)
      (effects (font (size 1 1) (thickness 0.15)))
    )
    (fp_line (start 2.48 1.15) (end -2.48 1.15) (layer F.CrtYd) (width 0.05))
    (fp_line (start 2.48 -1.15) (end 2.48 1.15) (layer F.CrtYd) (width 0.05))
    (fp_line (start -2.48 -1.15) (end 2.48 -1.15) (layer F.CrtYd) (width 0.05))
    (fp_line (start -2.48 1.15) (end -2.48 -1.15) (layer F.CrtYd) (width 0.05))
    (fp_line (start -0.711252 0.91) (end 0.711252 0.91) (layer F.SilkS) (width 0.12))
    (fp_line (start -0.711252 -0.91) (end 0.711252 -0.91) (layer F.SilkS) (width 0.12))
    (fp_line (start 1.6 0.8) (end -1.6 0.8) (layer F.Fab) (width 0.1))
    (fp_line (start 1.6 -0.8) (end 1.6 0.8) (layer F.Fab) (width 0.1))
    (fp_line (start -1.6 -0.8) (end 1.6 -0.8) (layer F.Fab) (width 0.1))
    (fp_line (start -1.6 0.8) (end -1.6 -0.8) (layer F.Fab) (width 0.1))
    (fp_text user %R (at 0 0) (layer F.Fab)
      (effects (font (size 0.8 0.8) (thickness 0.12)))
    )
    (pad 1 smd roundrect (at -1.5625 0) (size 1.325 1.8) (layers F.Cu F.Paste F.Mask) (roundrect_rratio 0.188679)
      (net 3 +5VD))
    (pad 2 smd roundrect (at 1.5625 0) (size 1.325 1.8) (layers F.Cu F.Paste F.Mask) (roundrect_rratio 0.188679)
      (net 1 GNDD))
    (model ${KISYS3DMOD}/Capacitor_SMD.3dshapes/C_1206_3216Metric.wrl
      (at (xyz 0 0 0))
      (scale (xyz 1 1 1))
      (rotate (xyz 0 0 0))
    )
  )

  (module Capacitor_SMD:C_1206_3216Metric_Pad1.33x1.80mm_HandSolder (layer F.Cu) (tedit 5F68FEEF) (tstamp 5FA7D470)
    (at 62.5225 97.79 180)
    (descr "Capacitor SMD 1206 (3216 Metric), square (rectangular) end terminal, IPC_7351 nominal with elongated pad for handsoldering. (Body size source: IPC-SM-782 page 76, https://www.pcb-3d.com/wordpress/wp-content/uploads/ipc-sm-782a_amendment_1_and_2.pdf), generated with kicad-footprint-generator")
    (tags "capacitor handsolder")
    (path /5FA7A3F9/5FCC0C41)
    (attr smd)
    (fp_text reference C3 (at 0 -1.85) (layer F.SilkS)
      (effects (font (size 1 1) (thickness 0.15)))
    )
    (fp_text value 0.1 (at 0 1.85) (layer F.Fab)
      (effects (font (size 1 1) (thickness 0.15)))
    )
    (fp_line (start -1.6 0.8) (end -1.6 -0.8) (layer F.Fab) (width 0.1))
    (fp_line (start -1.6 -0.8) (end 1.6 -0.8) (layer F.Fab) (width 0.1))
    (fp_line (start 1.6 -0.8) (end 1.6 0.8) (layer F.Fab) (width 0.1))
    (fp_line (start 1.6 0.8) (end -1.6 0.8) (layer F.Fab) (width 0.1))
    (fp_line (start -0.711252 -0.91) (end 0.711252 -0.91) (layer F.SilkS) (width 0.12))
    (fp_line (start -0.711252 0.91) (end 0.711252 0.91) (layer F.SilkS) (width 0.12))
    (fp_line (start -2.48 1.15) (end -2.48 -1.15) (layer F.CrtYd) (width 0.05))
    (fp_line (start -2.48 -1.15) (end 2.48 -1.15) (layer F.CrtYd) (width 0.05))
    (fp_line (start 2.48 -1.15) (end 2.48 1.15) (layer F.CrtYd) (width 0.05))
    (fp_line (start 2.48 1.15) (end -2.48 1.15) (layer F.CrtYd) (width 0.05))
    (fp_text user %R (at 0 0) (layer F.Fab)
      (effects (font (size 0.8 0.8) (thickness 0.12)))
    )
    (pad 2 smd roundrect (at 1.5625 0 180) (size 1.325 1.8) (layers F.Cu F.Paste F.Mask) (roundrect_rratio 0.188679)
      (net 1 GNDD))
    (pad 1 smd roundrect (at -1.5625 0 180) (size 1.325 1.8) (layers F.Cu F.Paste F.Mask) (roundrect_rratio 0.188679)
      (net 3 +5VD))
    (model ${KISYS3DMOD}/Capacitor_SMD.3dshapes/C_1206_3216Metric.wrl
      (at (xyz 0 0 0))
      (scale (xyz 1 1 1))
      (rotate (xyz 0 0 0))
    )
  )

  (module Capacitor_SMD:C_1206_3216Metric_Pad1.33x1.80mm_HandSolder (layer F.Cu) (tedit 5F68FEEF) (tstamp 5FA7D481)
    (at 110.1475 97.79 180)
    (descr "Capacitor SMD 1206 (3216 Metric), square (rectangular) end terminal, IPC_7351 nominal with elongated pad for handsoldering. (Body size source: IPC-SM-782 page 76, https://www.pcb-3d.com/wordpress/wp-content/uploads/ipc-sm-782a_amendment_1_and_2.pdf), generated with kicad-footprint-generator")
    (tags "capacitor handsolder")
    (path /5FA7BC34/5FCC0C41)
    (attr smd)
    (fp_text reference C4 (at 0 -1.85) (layer F.SilkS)
      (effects (font (size 1 1) (thickness 0.15)))
    )
    (fp_text value 0.1 (at 0 1.85) (layer F.Fab)
      (effects (font (size 1 1) (thickness 0.15)))
    )
    (fp_line (start -1.6 0.8) (end -1.6 -0.8) (layer F.Fab) (width 0.1))
    (fp_line (start -1.6 -0.8) (end 1.6 -0.8) (layer F.Fab) (width 0.1))
    (fp_line (start 1.6 -0.8) (end 1.6 0.8) (layer F.Fab) (width 0.1))
    (fp_line (start 1.6 0.8) (end -1.6 0.8) (layer F.Fab) (width 0.1))
    (fp_line (start -0.711252 -0.91) (end 0.711252 -0.91) (layer F.SilkS) (width 0.12))
    (fp_line (start -0.711252 0.91) (end 0.711252 0.91) (layer F.SilkS) (width 0.12))
    (fp_line (start -2.48 1.15) (end -2.48 -1.15) (layer F.CrtYd) (width 0.05))
    (fp_line (start -2.48 -1.15) (end 2.48 -1.15) (layer F.CrtYd) (width 0.05))
    (fp_line (start 2.48 -1.15) (end 2.48 1.15) (layer F.CrtYd) (width 0.05))
    (fp_line (start 2.48 1.15) (end -2.48 1.15) (layer F.CrtYd) (width 0.05))
    (fp_text user %R (at 0 0) (layer F.Fab)
      (effects (font (size 0.8 0.8) (thickness 0.12)))
    )
    (pad 2 smd roundrect (at 1.5625 0 180) (size 1.325 1.8) (layers F.Cu F.Paste F.Mask) (roundrect_rratio 0.188679)
      (net 1 GNDD))
    (pad 1 smd roundrect (at -1.5625 0 180) (size 1.325 1.8) (layers F.Cu F.Paste F.Mask) (roundrect_rratio 0.188679)
      (net 3 +5VD))
    (model ${KISYS3DMOD}/Capacitor_SMD.3dshapes/C_1206_3216Metric.wrl
      (at (xyz 0 0 0))
      (scale (xyz 1 1 1))
      (rotate (xyz 0 0 0))
    )
  )

  (module Capacitor_SMD:C_1206_3216Metric_Pad1.33x1.80mm_HandSolder (layer F.Cu) (tedit 5F68FEEF) (tstamp 5FA7D492)
    (at 157.7725 97.79 180)
    (descr "Capacitor SMD 1206 (3216 Metric), square (rectangular) end terminal, IPC_7351 nominal with elongated pad for handsoldering. (Body size source: IPC-SM-782 page 76, https://www.pcb-3d.com/wordpress/wp-content/uploads/ipc-sm-782a_amendment_1_and_2.pdf), generated with kicad-footprint-generator")
    (tags "capacitor handsolder")
    (path /5FA7BDAC/5FCC0C41)
    (attr smd)
    (fp_text reference C5 (at 0 -1.85) (layer F.SilkS)
      (effects (font (size 1 1) (thickness 0.15)))
    )
    (fp_text value 0.1 (at 0 1.85) (layer F.Fab)
      (effects (font (size 1 1) (thickness 0.15)))
    )
    (fp_line (start 2.48 1.15) (end -2.48 1.15) (layer F.CrtYd) (width 0.05))
    (fp_line (start 2.48 -1.15) (end 2.48 1.15) (layer F.CrtYd) (width 0.05))
    (fp_line (start -2.48 -1.15) (end 2.48 -1.15) (layer F.CrtYd) (width 0.05))
    (fp_line (start -2.48 1.15) (end -2.48 -1.15) (layer F.CrtYd) (width 0.05))
    (fp_line (start -0.711252 0.91) (end 0.711252 0.91) (layer F.SilkS) (width 0.12))
    (fp_line (start -0.711252 -0.91) (end 0.711252 -0.91) (layer F.SilkS) (width 0.12))
    (fp_line (start 1.6 0.8) (end -1.6 0.8) (layer F.Fab) (width 0.1))
    (fp_line (start 1.6 -0.8) (end 1.6 0.8) (layer F.Fab) (width 0.1))
    (fp_line (start -1.6 -0.8) (end 1.6 -0.8) (layer F.Fab) (width 0.1))
    (fp_line (start -1.6 0.8) (end -1.6 -0.8) (layer F.Fab) (width 0.1))
    (fp_text user %R (at 0 0) (layer F.Fab)
      (effects (font (size 0.8 0.8) (thickness 0.12)))
    )
    (pad 1 smd roundrect (at -1.5625 0 180) (size 1.325 1.8) (layers F.Cu F.Paste F.Mask) (roundrect_rratio 0.188679)
      (net 3 +5VD))
    (pad 2 smd roundrect (at 1.5625 0 180) (size 1.325 1.8) (layers F.Cu F.Paste F.Mask) (roundrect_rratio 0.188679)
      (net 1 GNDD))
    (model ${KISYS3DMOD}/Capacitor_SMD.3dshapes/C_1206_3216Metric.wrl
      (at (xyz 0 0 0))
      (scale (xyz 1 1 1))
      (rotate (xyz 0 0 0))
    )
  )

  (module Capacitor_SMD:C_1206_3216Metric_Pad1.33x1.80mm_HandSolder (layer F.Cu) (tedit 5F68FEEF) (tstamp 5FA7D4A3)
    (at 206.0325 97.79 180)
    (descr "Capacitor SMD 1206 (3216 Metric), square (rectangular) end terminal, IPC_7351 nominal with elongated pad for handsoldering. (Body size source: IPC-SM-782 page 76, https://www.pcb-3d.com/wordpress/wp-content/uploads/ipc-sm-782a_amendment_1_and_2.pdf), generated with kicad-footprint-generator")
    (tags "capacitor handsolder")
    (path /5FA7BF24/5FCC0C41)
    (attr smd)
    (fp_text reference C6 (at 0 -1.85) (layer F.SilkS)
      (effects (font (size 1 1) (thickness 0.15)))
    )
    (fp_text value 0.1 (at 0 1.85) (layer F.Fab)
      (effects (font (size 1 1) (thickness 0.15)))
    )
    (fp_line (start 2.48 1.15) (end -2.48 1.15) (layer F.CrtYd) (width 0.05))
    (fp_line (start 2.48 -1.15) (end 2.48 1.15) (layer F.CrtYd) (width 0.05))
    (fp_line (start -2.48 -1.15) (end 2.48 -1.15) (layer F.CrtYd) (width 0.05))
    (fp_line (start -2.48 1.15) (end -2.48 -1.15) (layer F.CrtYd) (width 0.05))
    (fp_line (start -0.711252 0.91) (end 0.711252 0.91) (layer F.SilkS) (width 0.12))
    (fp_line (start -0.711252 -0.91) (end 0.711252 -0.91) (layer F.SilkS) (width 0.12))
    (fp_line (start 1.6 0.8) (end -1.6 0.8) (layer F.Fab) (width 0.1))
    (fp_line (start 1.6 -0.8) (end 1.6 0.8) (layer F.Fab) (width 0.1))
    (fp_line (start -1.6 -0.8) (end 1.6 -0.8) (layer F.Fab) (width 0.1))
    (fp_line (start -1.6 0.8) (end -1.6 -0.8) (layer F.Fab) (width 0.1))
    (fp_text user %R (at 0 0) (layer F.Fab)
      (effects (font (size 0.8 0.8) (thickness 0.12)))
    )
    (pad 1 smd roundrect (at -1.5625 0 180) (size 1.325 1.8) (layers F.Cu F.Paste F.Mask) (roundrect_rratio 0.188679)
      (net 3 +5VD))
    (pad 2 smd roundrect (at 1.5625 0 180) (size 1.325 1.8) (layers F.Cu F.Paste F.Mask) (roundrect_rratio 0.188679)
      (net 1 GNDD))
    (model ${KISYS3DMOD}/Capacitor_SMD.3dshapes/C_1206_3216Metric.wrl
      (at (xyz 0 0 0))
      (scale (xyz 1 1 1))
      (rotate (xyz 0 0 0))
    )
  )

  (module TerminalBlock:TerminalBlock_bornier-2_P5.08mm (layer F.Cu) (tedit 59FF03AB) (tstamp 5FA7D4B8)
    (at 33.655 107.315 90)
    (descr "simple 2-pin terminal block, pitch 5.08mm, revamped version of bornier2")
    (tags "terminal block bornier2")
    (path /5FC520D5)
    (fp_text reference J1 (at 2.54 -5.08 90) (layer F.SilkS)
      (effects (font (size 1 1) (thickness 0.15)))
    )
    (fp_text value PWR (at 2.54 5.08 90) (layer F.Fab)
      (effects (font (size 1 1) (thickness 0.15)))
    )
    (fp_text user %R (at 2.54 0 90) (layer F.Fab)
      (effects (font (size 1 1) (thickness 0.15)))
    )
    (fp_line (start -2.41 2.55) (end 7.49 2.55) (layer F.Fab) (width 0.1))
    (fp_line (start -2.46 -3.75) (end -2.46 3.75) (layer F.Fab) (width 0.1))
    (fp_line (start -2.46 3.75) (end 7.54 3.75) (layer F.Fab) (width 0.1))
    (fp_line (start 7.54 3.75) (end 7.54 -3.75) (layer F.Fab) (width 0.1))
    (fp_line (start 7.54 -3.75) (end -2.46 -3.75) (layer F.Fab) (width 0.1))
    (fp_line (start 7.62 2.54) (end -2.54 2.54) (layer F.SilkS) (width 0.12))
    (fp_line (start 7.62 3.81) (end 7.62 -3.81) (layer F.SilkS) (width 0.12))
    (fp_line (start 7.62 -3.81) (end -2.54 -3.81) (layer F.SilkS) (width 0.12))
    (fp_line (start -2.54 -3.81) (end -2.54 3.81) (layer F.SilkS) (width 0.12))
    (fp_line (start -2.54 3.81) (end 7.62 3.81) (layer F.SilkS) (width 0.12))
    (fp_line (start -2.71 -4) (end 7.79 -4) (layer F.CrtYd) (width 0.05))
    (fp_line (start -2.71 -4) (end -2.71 4) (layer F.CrtYd) (width 0.05))
    (fp_line (start 7.79 4) (end 7.79 -4) (layer F.CrtYd) (width 0.05))
    (fp_line (start 7.79 4) (end -2.71 4) (layer F.CrtYd) (width 0.05))
    (pad 2 thru_hole circle (at 5.08 0 90) (size 3 3) (drill 1.52) (layers *.Cu *.Mask)
      (net 3 +5VD))
    (pad 1 thru_hole rect (at 0 0 90) (size 3 3) (drill 1.52) (layers *.Cu *.Mask)
      (net 1 GNDD))
    (model ${KISYS3DMOD}/TerminalBlock.3dshapes/TerminalBlock_bornier-2_P5.08mm.wrl
      (offset (xyz 2.539999961853027 0 0))
      (scale (xyz 1 1 1))
      (rotate (xyz 0 0 0))
    )
  )

  (module Resistor_SMD:R_1206_3216Metric_Pad1.30x1.75mm_HandSolder (layer F.Cu) (tedit 5F68FEEE) (tstamp 5FA7D4C9)
    (at 169.545 102.515 270)
    (descr "Resistor SMD 1206 (3216 Metric), square (rectangular) end terminal, IPC_7351 nominal with elongated pad for handsoldering. (Body size source: IPC-SM-782 page 72, https://www.pcb-3d.com/wordpress/wp-content/uploads/ipc-sm-782a_amendment_1_and_2.pdf), generated with kicad-footprint-generator")
    (tags "resistor handsolder")
    (path /5FB9AC40)
    (attr smd)
    (fp_text reference R1 (at 0 -1.82 90) (layer F.SilkS)
      (effects (font (size 1 1) (thickness 0.15)))
    )
    (fp_text value 10k (at 0 1.82 90) (layer F.Fab)
      (effects (font (size 1 1) (thickness 0.15)))
    )
    (fp_line (start -1.6 0.8) (end -1.6 -0.8) (layer F.Fab) (width 0.1))
    (fp_line (start -1.6 -0.8) (end 1.6 -0.8) (layer F.Fab) (width 0.1))
    (fp_line (start 1.6 -0.8) (end 1.6 0.8) (layer F.Fab) (width 0.1))
    (fp_line (start 1.6 0.8) (end -1.6 0.8) (layer F.Fab) (width 0.1))
    (fp_line (start -0.727064 -0.91) (end 0.727064 -0.91) (layer F.SilkS) (width 0.12))
    (fp_line (start -0.727064 0.91) (end 0.727064 0.91) (layer F.SilkS) (width 0.12))
    (fp_line (start -2.45 1.12) (end -2.45 -1.12) (layer F.CrtYd) (width 0.05))
    (fp_line (start -2.45 -1.12) (end 2.45 -1.12) (layer F.CrtYd) (width 0.05))
    (fp_line (start 2.45 -1.12) (end 2.45 1.12) (layer F.CrtYd) (width 0.05))
    (fp_line (start 2.45 1.12) (end -2.45 1.12) (layer F.CrtYd) (width 0.05))
    (fp_text user %R (at 0 0 90) (layer F.Fab)
      (effects (font (size 0.8 0.8) (thickness 0.12)))
    )
    (pad 2 smd roundrect (at 1.55 0 270) (size 1.3 1.75) (layers F.Cu F.Paste F.Mask) (roundrect_rratio 0.192308)
      (net 5 /BTN1))
    (pad 1 smd roundrect (at -1.55 0 270) (size 1.3 1.75) (layers F.Cu F.Paste F.Mask) (roundrect_rratio 0.192308)
      (net 3 +5VD))
    (model ${KISYS3DMOD}/Resistor_SMD.3dshapes/R_1206_3216Metric.wrl
      (at (xyz 0 0 0))
      (scale (xyz 1 1 1))
      (rotate (xyz 0 0 0))
    )
  )

  (module Resistor_SMD:R_1206_3216Metric_Pad1.30x1.75mm_HandSolder (layer F.Cu) (tedit 5F68FEEE) (tstamp 5FA7D4DA)
    (at 174.625 102.515 270)
    (descr "Resistor SMD 1206 (3216 Metric), square (rectangular) end terminal, IPC_7351 nominal with elongated pad for handsoldering. (Body size source: IPC-SM-782 page 72, https://www.pcb-3d.com/wordpress/wp-content/uploads/ipc-sm-782a_amendment_1_and_2.pdf), generated with kicad-footprint-generator")
    (tags "resistor handsolder")
    (path /5FB9B39B)
    (attr smd)
    (fp_text reference R2 (at 0 -1.82 90) (layer F.SilkS)
      (effects (font (size 1 1) (thickness 0.15)))
    )
    (fp_text value 10k (at 0 1.82 90) (layer F.Fab)
      (effects (font (size 1 1) (thickness 0.15)))
    )
    (fp_line (start 2.45 1.12) (end -2.45 1.12) (layer F.CrtYd) (width 0.05))
    (fp_line (start 2.45 -1.12) (end 2.45 1.12) (layer F.CrtYd) (width 0.05))
    (fp_line (start -2.45 -1.12) (end 2.45 -1.12) (layer F.CrtYd) (width 0.05))
    (fp_line (start -2.45 1.12) (end -2.45 -1.12) (layer F.CrtYd) (width 0.05))
    (fp_line (start -0.727064 0.91) (end 0.727064 0.91) (layer F.SilkS) (width 0.12))
    (fp_line (start -0.727064 -0.91) (end 0.727064 -0.91) (layer F.SilkS) (width 0.12))
    (fp_line (start 1.6 0.8) (end -1.6 0.8) (layer F.Fab) (width 0.1))
    (fp_line (start 1.6 -0.8) (end 1.6 0.8) (layer F.Fab) (width 0.1))
    (fp_line (start -1.6 -0.8) (end 1.6 -0.8) (layer F.Fab) (width 0.1))
    (fp_line (start -1.6 0.8) (end -1.6 -0.8) (layer F.Fab) (width 0.1))
    (fp_text user %R (at 0 0 90) (layer F.Fab)
      (effects (font (size 0.8 0.8) (thickness 0.12)))
    )
    (pad 1 smd roundrect (at -1.55 0 270) (size 1.3 1.75) (layers F.Cu F.Paste F.Mask) (roundrect_rratio 0.192308)
      (net 3 +5VD))
    (pad 2 smd roundrect (at 1.55 0 270) (size 1.3 1.75) (layers F.Cu F.Paste F.Mask) (roundrect_rratio 0.192308)
      (net 6 /BTN2))
    (model ${KISYS3DMOD}/Resistor_SMD.3dshapes/R_1206_3216Metric.wrl
      (at (xyz 0 0 0))
      (scale (xyz 1 1 1))
      (rotate (xyz 0 0 0))
    )
  )

  (module Resistor_SMD:R_1206_3216Metric_Pad1.30x1.75mm_HandSolder (layer F.Cu) (tedit 5F68FEEE) (tstamp 5FA7D4EB)
    (at 179.705 102.515 270)
    (descr "Resistor SMD 1206 (3216 Metric), square (rectangular) end terminal, IPC_7351 nominal with elongated pad for handsoldering. (Body size source: IPC-SM-782 page 72, https://www.pcb-3d.com/wordpress/wp-content/uploads/ipc-sm-782a_amendment_1_and_2.pdf), generated with kicad-footprint-generator")
    (tags "resistor handsolder")
    (path /5FB9B6C4)
    (attr smd)
    (fp_text reference R3 (at 0 -1.82 90) (layer F.SilkS)
      (effects (font (size 1 1) (thickness 0.15)))
    )
    (fp_text value 10k (at 0 1.82 90) (layer F.Fab)
      (effects (font (size 1 1) (thickness 0.15)))
    )
    (fp_line (start -1.6 0.8) (end -1.6 -0.8) (layer F.Fab) (width 0.1))
    (fp_line (start -1.6 -0.8) (end 1.6 -0.8) (layer F.Fab) (width 0.1))
    (fp_line (start 1.6 -0.8) (end 1.6 0.8) (layer F.Fab) (width 0.1))
    (fp_line (start 1.6 0.8) (end -1.6 0.8) (layer F.Fab) (width 0.1))
    (fp_line (start -0.727064 -0.91) (end 0.727064 -0.91) (layer F.SilkS) (width 0.12))
    (fp_line (start -0.727064 0.91) (end 0.727064 0.91) (layer F.SilkS) (width 0.12))
    (fp_line (start -2.45 1.12) (end -2.45 -1.12) (layer F.CrtYd) (width 0.05))
    (fp_line (start -2.45 -1.12) (end 2.45 -1.12) (layer F.CrtYd) (width 0.05))
    (fp_line (start 2.45 -1.12) (end 2.45 1.12) (layer F.CrtYd) (width 0.05))
    (fp_line (start 2.45 1.12) (end -2.45 1.12) (layer F.CrtYd) (width 0.05))
    (fp_text user %R (at 0 0 90) (layer F.Fab)
      (effects (font (size 0.8 0.8) (thickness 0.12)))
    )
    (pad 2 smd roundrect (at 1.55 0 270) (size 1.3 1.75) (layers F.Cu F.Paste F.Mask) (roundrect_rratio 0.192308)
      (net 7 /BTN3))
    (pad 1 smd roundrect (at -1.55 0 270) (size 1.3 1.75) (layers F.Cu F.Paste F.Mask) (roundrect_rratio 0.192308)
      (net 3 +5VD))
    (model ${KISYS3DMOD}/Resistor_SMD.3dshapes/R_1206_3216Metric.wrl
      (at (xyz 0 0 0))
      (scale (xyz 1 1 1))
      (rotate (xyz 0 0 0))
    )
  )

  (module Resistor_SMD:R_1206_3216Metric_Pad1.30x1.75mm_HandSolder (layer F.Cu) (tedit 5F68FEEE) (tstamp 5FA7D4FC)
    (at 32.74 95.25 180)
    (descr "Resistor SMD 1206 (3216 Metric), square (rectangular) end terminal, IPC_7351 nominal with elongated pad for handsoldering. (Body size source: IPC-SM-782 page 72, https://www.pcb-3d.com/wordpress/wp-content/uploads/ipc-sm-782a_amendment_1_and_2.pdf), generated with kicad-footprint-generator")
    (tags "resistor handsolder")
    (path /5FAC73B9)
    (attr smd)
    (fp_text reference R4 (at 0 -1.82) (layer F.SilkS)
      (effects (font (size 1 1) (thickness 0.15)))
    )
    (fp_text value 4k7 (at 0 1.82) (layer F.Fab)
      (effects (font (size 1 1) (thickness 0.15)))
    )
    (fp_text user %R (at 0 0) (layer F.Fab)
      (effects (font (size 0.8 0.8) (thickness 0.12)))
    )
    (fp_line (start -1.6 0.8) (end -1.6 -0.8) (layer F.Fab) (width 0.1))
    (fp_line (start -1.6 -0.8) (end 1.6 -0.8) (layer F.Fab) (width 0.1))
    (fp_line (start 1.6 -0.8) (end 1.6 0.8) (layer F.Fab) (width 0.1))
    (fp_line (start 1.6 0.8) (end -1.6 0.8) (layer F.Fab) (width 0.1))
    (fp_line (start -0.727064 -0.91) (end 0.727064 -0.91) (layer F.SilkS) (width 0.12))
    (fp_line (start -0.727064 0.91) (end 0.727064 0.91) (layer F.SilkS) (width 0.12))
    (fp_line (start -2.45 1.12) (end -2.45 -1.12) (layer F.CrtYd) (width 0.05))
    (fp_line (start -2.45 -1.12) (end 2.45 -1.12) (layer F.CrtYd) (width 0.05))
    (fp_line (start 2.45 -1.12) (end 2.45 1.12) (layer F.CrtYd) (width 0.05))
    (fp_line (start 2.45 1.12) (end -2.45 1.12) (layer F.CrtYd) (width 0.05))
    (pad 2 smd roundrect (at 1.55 0 180) (size 1.3 1.75) (layers F.Cu F.Paste F.Mask) (roundrect_rratio 0.192308)
      (net 8 /DQ))
    (pad 1 smd roundrect (at -1.55 0 180) (size 1.3 1.75) (layers F.Cu F.Paste F.Mask) (roundrect_rratio 0.192308)
      (net 3 +5VD))
    (model ${KISYS3DMOD}/Resistor_SMD.3dshapes/R_1206_3216Metric.wrl
      (at (xyz 0 0 0))
      (scale (xyz 1 1 1))
      (rotate (xyz 0 0 0))
    )
  )

  (module Resistor_SMD:R_1206_3216Metric_Pad1.30x1.75mm_HandSolder (layer F.Cu) (tedit 5F68FEEE) (tstamp 5FA7D50D)
    (at 167.005 76.48 90)
    (descr "Resistor SMD 1206 (3216 Metric), square (rectangular) end terminal, IPC_7351 nominal with elongated pad for handsoldering. (Body size source: IPC-SM-782 page 72, https://www.pcb-3d.com/wordpress/wp-content/uploads/ipc-sm-782a_amendment_1_and_2.pdf), generated with kicad-footprint-generator")
    (tags "resistor handsolder")
    (path /5FB3D4AA)
    (attr smd)
    (fp_text reference R5 (at 0 -1.82 90) (layer F.SilkS)
      (effects (font (size 1 1) (thickness 0.15)))
    )
    (fp_text value 4k7 (at 0 1.82 90) (layer F.Fab)
      (effects (font (size 1 1) (thickness 0.15)))
    )
    (fp_line (start 2.45 1.12) (end -2.45 1.12) (layer F.CrtYd) (width 0.05))
    (fp_line (start 2.45 -1.12) (end 2.45 1.12) (layer F.CrtYd) (width 0.05))
    (fp_line (start -2.45 -1.12) (end 2.45 -1.12) (layer F.CrtYd) (width 0.05))
    (fp_line (start -2.45 1.12) (end -2.45 -1.12) (layer F.CrtYd) (width 0.05))
    (fp_line (start -0.727064 0.91) (end 0.727064 0.91) (layer F.SilkS) (width 0.12))
    (fp_line (start -0.727064 -0.91) (end 0.727064 -0.91) (layer F.SilkS) (width 0.12))
    (fp_line (start 1.6 0.8) (end -1.6 0.8) (layer F.Fab) (width 0.1))
    (fp_line (start 1.6 -0.8) (end 1.6 0.8) (layer F.Fab) (width 0.1))
